1.146631288309684971e+00
2.599229269689348421e+00
4.427810160770367931e-01
2.936402883888549753e-01
-5.175365309613801923e-01
1.894378681959410393e+00
-2.160511097146927961e-01
1.384826683373493239e+00
4.874391805299657099e-01
6.889580248381130811e-01
5.011309927867790837e-01
3.446802773577292145e-01
4.507193671303630911e-01
1.282668416901906250e+00
-1.831524237827233947e-01
8.129775864035668764e-01
5.052264509294398520e-01
4.558603739774869101e-01
2.342140404318953095e-01
-1.130958297508164900e+00
-4.470015710265051734e-01
3.523979746928823098e-01
2.610148174286840983e-01
1.833200275302100113e-01
1.153749149499053994e-01
1.542023317834606333e+00
9.650614911737913637e-01
1.244582214631004824e+00
-1.336545100325888580e+00
1.324939484161432035e-01
5.854308905979583866e-01
-1.740491795636347705e+00
3.121649605219973256e-01
1.938619017493012908e-01
-2.731981075678424076e-01
5.829412457414900883e-01
5.601285947220749906e-01
-9.582152817998390582e-02
-1.600584113954580001e+00
9.675673845965260256e-01
5.661090281606915298e-01
-2.334552360300120102e-02
2.669468504989446211e-01
8.748678535637587350e-01
1.118118121397819298e+00
-1.134161072108623047e+00
6.106831345013400414e-01
6.215427834964691867e-01
1.003224623106409918e+00
6.701843041178707772e-01
2.130874941843788895e-01
9.943046916450891670e-01
4.749579483135181746e-01
2.029849741438360944e-01
-2.393273037692204008e-01
-9.890458111649508277e-01
