5.900000000000000000e+01
5.085714285714285410e+01
7.025000000000000000e+01
6.750000000000000000e+01
7.757142857142856940e+01
2.500000000000000000e+01
7.100000000000000000e+01
5.171428571428571530e+01
4.050000000000000000e+01
1.700000000000000000e+01
7.440000000000000568e+01
8.300000000000000000e+01
7.566666666666667140e+01
5.600000000000000000e+01
8.716666666666667140e+01
4.800000000000000000e+01
5.975000000000000000e+01
5.650000000000000000e+01
3.300000000000000000e+01
1.000000000000000000e+02
5.550000000000000000e+01
6.125000000000000000e+01
7.700000000000000000e+01
6.740000000000000568e+01
9.000000000000000000e+01
5.500000000000000000e+01
6.600000000000000000e+01
4.800000000000000000e+01
5.800000000000000000e+01
4.000000000000000000e+01
6.566666666666667140e+01
7.433333333333332860e+01
6.350000000000000000e+01
9.050000000000000000e+01
8.133333333333332860e+01
7.100000000000000000e+01
6.525000000000000000e+01
7.150000000000000000e+01
6.100000000000000000e+01
4.833333333333333570e+01
7.800000000000000000e+01
6.557142857142856940e+01
9.000000000000000000e+01
4.714285714285714590e+01
4.550000000000000000e+01
6.100000000000000000e+01
5.400000000000000000e+01
3.525000000000000000e+01
6.850000000000000000e+01
6.325000000000000000e+01
7.350000000000000000e+01
5.800000000000000000e+01
5.900000000000000000e+01
7.500000000000000000e+01
7.859999999999999432e+01
4.500000000000000000e+01
